[113 122   0   0   0   0   0   0   0   0   0   0   0   0   0   0   0   0
  38 202   0   0   0   0   0   0][ 24 232  47   0   0   0   0   0   0   0   0   0   0   0   0   0   0   2
 197 104   0   0   0   0   0   0][  0  91 206   4   0   0   0   0   0   0   0   0   0   0   0   0   0 113
 190   1   0   0   0   0   0   0][  0   0 177 124   0   0   0   0   0   0   0   0   0   0   0   0  36 233
  33   0   0   0   0   0   0   0][  0   0  24 231  44   0   0   0   0   0   0   0   0   0   0   1 194 105
   0   0   0   0   0   0   0   0][  0   0   0  92 203   3   0   0   0   0   0   0   0   0   0 109 191   1
   0   0   0   0   0   0   0   0][  0   0   0   0 178 120   0   0   0   0   0   0   0   0  34 233  33   0
   0   0   0   0   0   0   0   0][  0   0   0   0  25 230  41   0   0   0   0   0   0   1 190 107   0   0
   0   0   0   0   0   0   0   0][  0   0   0   0   0  93 199   2   0   0   0   0   0 105 192   1   0   0
   0   0   0   0   0   0   0   0][  0   0   0   0   0   0 179 115   0   0   0   0  31 231  34   0   0   0
   0   0   0   0   0   0   0   0][  0   0   0   0   0   0  26 229  37   0   0   0 187 108   0   0   0   0
   0   0   0   0   0   0   0   0][  0   0   0   0   0   0   0  94 195   2   0 101 193   1   0   0   0   0
   0   0   0   0   0   0   0   0][  0   0   0   0   0   0   0   0 180 110  29 230  35   0   0   0   0   0
   0   0   0   0   0   0   0   0][  0   0   0   0   0   0   0   0  26 228 197 109   0   0   0   0   0   0
   0   0   0   0   0   0   0   0][  0   0   0   0   0   0   0   0   0 138 234   3   0   0   0   0   0   0
   0   0   0   0   0   0   0   0][  0   0   0   0   0   0   0   0  26 229 200 109   0   0   0   0   0   0
   0   0   0   0   0   0   0   0][  0   0   0   0   0   0   0   0 180 113  31 231  34   0   0   0   0   0
   0   0   0   0   0   0   0   0][  0   0   0   0   0   0   0  94 198   2   0 104 192   1   0   0   0   0
   0   0   0   0   0   0   0   0][  0   0   0   0   0   0  25 230  39   0   0   1 190 107   0   0   0   0
   0   0   0   0   0   0   0   0][  0   0   0   0   0   0 178 118   0   0   0   0  33 232  33   0   0   0
   0   0   0   0   0   0   0   0][  0   0   0   0   0  92 201   3   0   0   0   0   0 108 190   1   0   0
   0   0   0   0   0   0   0   0][  0   0   0   0  24 230  43   0   0   0   0   0   0   1 193 105   0   0
   0   0   0   0   0   0   0   0][  0   0   0   0 176 122   0   0   0   0   0   0   0   0  35 233  32   0
   0   0   0   0   0   0   0   0][  0   0   0  90 205   4   0   0   0   0   0   0   0   0   0 112 189   1
   0   0   0   0   0   0   0   0][  0   0  23 231  46   0   0   0   0   0   0   0   0   0   0   2 196 103
   0   0   0   0   0   0   0   0][  0   0 174 127   0   0   0   0   0   0   0   0   0   0   0   0  38 233
  31   0   0   0   0   0   0   0][  0  89 209   5   0   0   0   0   0   0   0   0   0   0   0   0   0 115
 187   0   0   0   0   0   0   0][ 22 231  50   0   0   0   0   0   0   0   0   0   0   0   0   0   0   2
 199 102   0   0   0   0   0   0][114 128   0   0   0   0   0   0   0   0   0   0   0   0   0   0   0   0
  41 198   0   0   0   0   0   0]