346 700 1
346 0 1
346 433 1
344 445 1
338 456 1
327 466 1
313 476 1
294 485 1
273 493 1
252 500 1
229 505 1
205 508 1
180 510 1
163 510 1
147 509 1
132 508 1
117 506 1
104 504 1
91 501 1
78 498 1
67 494 1
57 490 1
47 486 1
38 482 1
30 477 1
23 472 1
17 467 1
12 462 1
8 456 1
4 450 1
2 445 1
0 439 1
0 433 1
0 77 1
0 71 1
2 65 1
4 60 1
8 54 1
12 48 1
17 43 1
23 38 1
30 33 1
38 29 1
47 24 1
57 20 1
67 16 1
78 12 1
91 9 1
104 6 1
117 4 1
132 2 1
147 1 1
163 0 1
180 0 1
205 1 1
229 4 1
252 9 1
273 15 1
294 24 1
313 34 1
327 44 1
338 55 1
344 66 1
346 77 0