346 126 1
346 77 1
344 65 1
338 53 1
327 42 1
313 32 1
294 22 1
273 14 1
251 8 1
228 4 1
204 1 1
180 0 1
145 1 1
115 4 1
88 9 1
64 15 1
44 24 1
28 34 1
16 44 1
7 55 1
2 66 1
0 77 1
0 433 1
2 444 1
8 455 1
17 466 1
31 476 1
48 486 1
69 495 1
92 501 1
119 506 1
148 509 1
180 510 1
204 509 1
228 506 1
251 502 1
273 496 1
294 488 1
313 478 1
327 468 1
338 457 1
344 445 1
346 433 1
346 286 1
344 274 1
338 262 1
327 251 1
313 241 1
294 232 1
273 223 1
251 217 1
228 213 1
204 210 1
180 209 1
153 210 1
126 213 1
101 218 1
78 224 1
55 233 1
35 243 1
20 253 1
9 264 1
2 275 1
0 286 0
