0 510 1
0 -189 1
0 433 1
2 444 1
8 455 1
18 466 1
32 476 1
50 486 1
71 495 1
94 501 1
117 506 1
141 509 1
166 510 1
183 510 1
199 509 1
214 508 1
229 506 1
242 504 1
255 501 1
268 498 1
279 494 1
289 490 1
299 486 1
308 482 1
316 477 1
323 472 1
329 467 1
334 462 1
338 456 1
342 450 1
344 445 1
346 439 1
346 433 1
346 77 1
346 71 1
344 65 1
342 60 1
338 54 1
334 48 1
329 43 1
323 38 1
316 33 1
308 28 1
299 24 1
289 20 1
279 16 1
268 12 1
255 9 1
242 6 1
229 4 1
214 2 1
199 1 1
183 0 1
166 0 1
141 1 1
117 4 1
94 9 1
72 16 1
51 24 1
33 34 1
18 44 1
8 55 1
2 66 1
0 77 0
