346 385 1
346 434 1
344 445 1
339 456 1
330 467 1
318 477 1
302 487 1
282 496 1
261 502 1
236 507 1
210 510 1
180 511 1
150 510 1
122 507 1
97 503 1
73 497 1
52 488 1
33 479 1
19 469 1
8 458 1
2 446 1
0 434 1
0 346 1
3 332 1
11 319 1
24 308 1
42 297 1
66 288 1
79 285 1
98 281 1
121 276 1
150 270 1
185 264 1
214 258 1
239 253 1
259 249 1
275 245 1
286 242 1
308 232 1
324 221 1
336 210 1
344 198 1
346 185 1
346 77 1
344 66 1
339 55 1
330 44 1
318 34 1
302 24 1
282 15 1
261 9 1
236 4 1
210 1 1
180 0 1
150 1 1
122 4 1
97 8 1
73 14 1
52 22 1
33 32 1
19 42 1
8 53 1
2 65 1
0 77 1
0 126 0
