294 -36 1
264 -35 1
236 -32 1
210 -28 1
186 -22 1
164 -14 1
145 -5 1
131 5 1
121 16 1
115 28 1
114 40 1
114 272 1
114 277 1
114 282 1
113 287 1
112 292 1
112 297 1
110 302 1
107 306 1
103 311 1
97 315 1
90 319 1
74 327 1
57 334 1
39 339 1
20 343 1
0 345 1
11 347 1
21 349 1
31 352 1
40 354 1
50 357 1
58 360 1
67 363 1
75 366 1
83 370 1
90 374 1
97 378 1
103 383 1
107 387 1
110 392 1
112 396 1
112 400 1
113 405 1
114 410 1
114 415 1
114 420 1
114 653 1
115 665 1
121 677 1
131 687 1
145 697 1
164 707 1
186 715 1
211 722 1
237 726 1
264 729 1
294 730 0
