0 729 1
29 728 1
56 725 1
82 721 1
107 714 1
130 706 1
149 696 1
163 686 1
173 676 1
179 664 1
180 652 1
180 420 1
181 410 1
186 400 1
193 391 1
204 382 1
217 373 1
221 371 1
224 369 1
227 367 1
231 366 1
234 364 1
237 362 1
241 361 1
244 359 1
247 358 1
251 356 1
255 355 1
258 354 1
262 353 1
266 352 1
270 350 1
274 350 1
279 349 1
283 348 1
289 347 1
294 347 1
283 345 1
274 343 1
265 340 1
257 338 1
250 336 1
244 333 1
238 330 1
231 326 1
224 322 1
217 318 1
204 310 1
193 302 1
186 292 1
181 282 1
180 272 1
180 39 1
179 27 1
173 15 1
163 5 1
149 -5 1
130 -14 1
108 -22 1
85 -28 1
59 -32 1
30 -35 1
0 -36 0
