0 134 1
0 183 1
0 134 1
2 122 1
8 110 1
18 99 1
32 90 1
50 80 1
72 73 1
96 66 1
122 62 1
151 59 1
182 57 1
212 59 1
239 62 1
265 67 1 
288 73 1
310 81 1
328 90 1
342 100 1
352 111 1
358 122 1
360 134 1
360 281 1
359 288 1
357 296 1
354 302 1
348 309 1
342 315 1
334 321 1
325 326 1
315 332 1
303 336 1
290 341 1
280 344 1
271 346 1
262 348 1
253 350 1
244 351 1
234 352 1
223 354 1
211 355 1
198 357 1
184 359 1
166 361 1
150 364 1
135 366 1
123 368 1
112 370 1
101 372 1
91 374 1
81 377 1
72 380 1
62 383 1
40 393 1
22 403 1
10 415 1
2 428 1
0 442 1
0 556 1
2 568 1
8 579 1
18 590 1
32 600 1
50 609 1
72 617 1
95 623 1
121 628 1
150 631 1
180 632 1
180 632 1
210 631 1
239 628 1
265 623 1
288 617 1
310 609 1
328 600 1
342 590 1
352 579 1
358 568 1
360 556 1
360 507 0
218 690 1
218 0 0
142 1 1
142 690 1