0 504 1
2 493 1
7 482 1
15 473 1
28 464 1
43 456 1
61 448 1
81 443 1
102 439 1
125 437 1
149 436 1
173 437 1
196 439 1
217 443 1
236 448 1
254 456 1
270 464 1
282 473 1
291 482 1
296 493 1
298 504 1
298 614 1
296 625 1
291 634 1
282 644 1
270 653 1
254 661 1
236 668 1
217 674 1
196 678 1
173 680 1
149 681 1
125 680 1
102 678 1
81 674 1
61 668 1
43 661 1
28 653 1
15 644 1
7 634 1
2 625 1
0 614 1
0 504 0
516 674 1
168 0 0
392 69 1
394 58 1
399 47 1
407 38 1
420 29 1
435 20 1
453 13 1
473 8 1
494 4 1
517 2 1
541 1 1
565 2 1
588 4 1
609 8 1
628 13 1
646 20 1
662 29 1
674 38 1
683 47 1
688 58 1
690 69 1
690 179 1
688 190 1
683 199 1
674 209 1
662 218 1
646 226 1
628 233 1
609 239 1
588 243 1
565 245 1
541 246 1
517 245 1
494 243 1
473 239 1
453 233 1
435 226 1
420 218 1
407 209 1
399 199 1
394 190 1
392 179 1
392 69 0