0 564 1
0 613 1
2 625 1
8 637 1
19 648 1
33 658 1
52 668 1
73 676 1
97 682 1
122 686 1
150 689 1
180 690 1
210 689 1
238 686 1
263 682 1
287 676 1
308 668 1
327 658 1
341 648 1
352 637 1
358 625 1
360 613 1
360 450 1
358 436 1
350 423 1
338 411 1
320 401 1
298 391 1
288 388 1
279 385 1
269 382 1
259 380 1
248 378 1
237 376 1
224 374 1
210 371 1
193 368 1
175 365 1
165 363 1
154 361 1
144 359 1
134 357 1
124 356 1
113 354 1
103 352 1
92 351 1
81 350 1
70 349 1
45 340 1
26 329 1
12 317 1
3 304 1
-1 289 1
-1 0 1
341 0 0
