0 77 1
2 65 1
8 53 1
19 42 1
33 32 1
52 22 1
73 14 1
97 8 1
122 4 1
150 1 1
180 0 1
210 1 1
238 4 1
263 8 1
287 14 1
308 22 1
327 32 1
341 42 1
352 53 1
358 65 1
360 77 1
360 302 1
359 313 1
354 322 1
347 332 1
336 341 1
323 349 1
302 356 1
271 363 1
227 368 1
172 373 1
106 376 1
172 381 1
226 385 1
269 391 1
301 396 1
321 402 1
334 409 1
345 417 1
352 427 1
357 438 1
360 451 1
360 613 1
358 625 1
352 637 1
341 648 1
327 658 1
308 668 1
287 676 1
263 682 1
238 686 1
210 689 1
180 690 1
150 689 1
122 686 1
97 682 1
73 676 1
52 668 1
33 658 1
19 648 1
8 637 1
2 625 1
0 613 0
