360 557 1
360 613 1
358 625 1
352 637 1
341 648 1
327 658 1
308 668 1
287 676 1
263 682 1
238 686 1
210 689 1
180 690 1
150 689 1
122 686 1
97 682 1
73 676 1
52 668 1
33 658 1
19 648 1
8 637 1
2 625 1
0 613 1
0 310 1
3 322 1
10 333 1
23 344 1
40 354 1
62 364 1
87 372 1
111 379 1
135 383 1
158 386 1
180 387 1
210 386 1
238 383 1
263 379 1
287 373 1
308 364 1
327 355 1
341 345 1
352 334 1
358 322 1
360 310 1
360 77 1
358 65 1
352 53 1
341 42 1
327 32 1
308 22 1
287 14 1
263 8 1
238 4 1
210 1 1
180 0 1
150 1 1
122 4 1
97 8 1
73 14 1
52 22 1
33 32 1
19 42 1
8 53 1
2 65 1
0 77 1
0 310 1
2 322 1
10 333 1
22 344 1
40 354 0
