180 690 1
150 689 1
122 686 1
97 682 1
73 676 1
52 668 1
33 658 1
19 648 1
8 637 1
2 625 1
0 613 1
0 451 1
1 441 1
6 431 1
13 422 1
24 413 1
37 404 1
55 396 1
78 389 1
106 384 1
140 379 1
180 376 1
220 373 1
254 368 1
282 363 1
305 356 1
323 349 1
336 341 1
347 332 1
354 322 1
359 313 1
360 302 1
360 77 1
358 65 1
352 53 1
341 42 1
327 32 1
308 22 1
287 14 1
263 8 1
238 4 1
210 1 1
180 0 1
150 1 1
122 4 1
97 8 1
73 14 1
52 22 1
33 32 1
19 42 1
8 53 1
2 65 1
0 77 1
0 302 1
1 313 1
6 322 1
13 332 1
24 341 1
37 349 1
55 356 1
78 363 1
106 368 1
140 373 1
180 376 1
220 379 1
254 384 1
282 389 1
305 396 1
323 404 1
336 413 1
347 422 1
354 431 1
359 441 1
360 451 1
360 613 1
358 625 1
352 637 1
341 648 1
327 658 1
308 668 1
287 676 1
263 682 1
238 686 1
210 689 1
180 690 0
