0 132 1
0 77 1
2 65 1
8 53 1
19 42 1
33 32 1
52 22 1
73 14 1
97 8 1
122 4 1
150 1 1
180 0 1
210 1 1
238 4 1
263 8 1
287 14 1
308 22 1
327 32 1
341 42 1
352 53 1
358 65 1
360 77 1
360 379 1
360 613 1
358 625 1
352 637 1
341 648 1
327 658 1
308 668 1
287 676 1
263 682 1
238 686 1
210 689 1
180 690 1
150 689 1
122 686 1
97 682 1
73 676 1
52 668 1
33 658 1
19 648 1
8 637 1
2 625 1
0 613 1
0 379 1
2 367 1
8 355 1
19 344 1
33 334 1
52 324 1
73 316 1
97 310 1
122 306 1
150 303 1
180 302 1
209 302 1
237 304 1
263 308 1
286 313 1
308 320 1
327 329 1
341 340 1
352 351 1
358 365 1
360 379 0
