362 332 1
361 342 1
357 352 1
350 361 1
341 370 1
330 378 1
317 384 1
304 389 1
291 393 1
278 395 1
266 396 1
247 395 1
230 393 1
214 389 1
199 384 1
186 378 1
174 370 1
165 362 1
158 353 1
154 343 1
153 333 1
153 226 1
154 216 1
158 206 1
165 198 1
174 189 1
186 182 1
199 175 1
214 170 1
230 166 1
247 164 1
266 163 1
278 163 1
290 164 1
302 166 1
313 169 1
324 172 1
334 177 1
342 185 1
350 196 1
357 209 1
362 226 1
362 402 1
362 155 1
364 148 1
368 142 1
376 138 1
388 135 1
402 134 1
416 135 1
427 137 1
435 142 1
439 147 1
441 155 1
441 523 1
439 535 1
433 547 1
422 558 1
408 568 1
390 578 1
368 586 1
344 592 1
319 596 1
291 599 1
261 600 1
231 599 1
203 596 1
178 592 1
154 586 1
132 578 1
114 568 1
100 558 1
89 547 1
83 535 1
81 523 1
81 0 1
83 -12 1
89 -24 1
100 -35 1
114 -45 1
132 -54 1
154 -63 1
178 -69 1
203 -73 1
231 -76 1
261 -77 1
291 -76 1
319 -73 1
344 -69 1
368 -63 1
390 -54 1
408 -45 1
422 -35 1
433 -24 1
439 -12 1
441 0 0
