0 384 1
0 433 1
2 445 1
8 457 1
19 468 1
33 478 1
52 488 1
73 496 1
97 502 1
122 506 1
150 509 1
180 510 1
210 509 1
236 506 1
261 501 1
282 495 1
302 486 1
318 476 1
330 466 1
339 455 1
344 444 1
346 433 1
346 224 1
346 77 1
344 66 1
338 55 1
329 44 1
315 34 1
298 24 1
278 15 1
256 9 1
232 4 1
207 1 1
180 0 1
150 1 1
122 4 1
97 8 1
73 14 1
52 22 1
33 32 1
19 42 1
8 53 1
2 65 1
0 77 1
0 224 1
2 236 1
8 248 1
19 259 1
33 269 1
52 278 1
73 287 1
97 293 1
122 297 1
150 300 1
180 301 1
202 300 1
224 297 1
246 292 1
268 286 1
290 277 1
310 267 1
326 257 1
337 246 1
344 235 1
346 224 1
346 77 1
344 66 0
