[  0.   2.   8.  19.  33.  52.  73.  97. 122. 150. 180. 210. 236. 261.
 282. 302. 318. 330. 339. 344. 346. 346. 346. 346. 346. 344. 337. 326.
 310. 290. 268. 246. 224. 202. 180. 150. 122.  97.  73.  52.  33.  19.
   8.   2.   0.   0.   2.   8.  19.  33.  52.  73.  97. 122. 150. 180.
 202. 224. 246. 268. 290. 310. 326. 337. 344. 346.]
[-103. -115. -127. -138. -148. -158. -166. -172. -176. -179. -180. -179.
 -176. -171. -165. -156. -146. -136. -125. -114. -103.   77.  510.  433.
   77.   66.   55.   44.   34.   24.   15.    9.    4.    1.    0.    1.
    4.    8.   14.   22.   32.   42.   53.   65.   77.  433.  445.  457.
  468.  478.  488.  496.  502.  506.  509.  510.  509.  506.  501.  495.
  486.  476.  466.  455.  444.  433.]