[  0.   0.   0.   2.   8.  18.  32.  50.  71.  94. 117. 141. 166. 183.
 199. 214. 229. 242. 255. 268. 279. 289. 299. 308. 316. 323. 329. 334.
 338. 342. 344. 346. 346. 346. 346. 344. 342. 338. 334. 329. 323. 316.
 308. 299. 289. 279. 268. 255. 242. 229. 214. 199. 183. 166. 141. 117.
  94.  72.  51.  33.  18.   8.   2.   0.   0.   0.]
[ 510.  482.  433.  444.  455.  466.  476.  486.  495.  501.  506.  509.
  510.  510.  509.  508.  506.  504.  501.  498.  494.  490.  486.  482.
  477.  472.  467.  462.  456.  450.  445.  439.  433.   77.   71.   65.
   60.   54.   48.   43.   38.   33.   28.   24.   20.   16.   12.    9.
    6.    4.    2.    1.    0.    0.    1.    4.    9.   16.   24.   34.
   44.   55.   66.   77.  433. -189.]
