0 126 1
0 77 1
2 65 1
8 53 1
19 42 1
33 32 1
52 22 1
73 14 1
97 8 1
122 4 1
150 1 1
180 0 1
210 1 1
238 4 1
263 8 1
287 14 1
308 22 1
327 32 1
341 42 1
352 53 1
358 65 1
360 77 1
362 281 1
356 314 1
339 340 1
312 359 1
273 370 1
224 374 1
173 375 1
132 376 1
99 378 1
76 380 1
62 383 1
40 393 1
22 403 1
10 415 1
2 428 1
0 442 1
0 613 1
2 625 1
8 637 1
19 648 1
33 658 1
52 668 1
73 676 1
97 682 1
122 686 1
150 689 1
180 690 1
210 689 1
238 686 1
263 682 1
287 676 1
308 668 1
327 658 1
341 648 1
352 637 1
358 625 1
360 613 1
360 564 0
